56, 233, 266, 998, 1156, 1379, 1497, 1659, 2063, 2266, 2315, 2464, 2637
195, 304, 1042, 1178, 1201, 1765, 1976, 2272, 2562
173, 488, 562, 580, 1111, 1666
431, 989, 1164, 1249, 1513, 1902
178, 217, 1769, 2062, 2186, 494, 808
486, 679, 807, 2424, 2537
242, 713, 2560, 1008, 2017, 2569, 1494, 1977, 2598, 1735, 2635, 2170, 2183, 64, 112, 523, 904, 1369, 1437, 1505, 1678, 2609, 2706
265, 2599, 2642, 183, 2555, 410, 509, 567, 1283, 2347
885, 1079, 2431, 21, 372, 1758
899, 2196, 2404, 1642, 2048, 2076, 583, 1547, 620, 2596, 2006, 2336, 134, 250, 677, 1177, 2340, 2632
185, 315, 156, 366, 462, 1394, 1412
823, 1360, 851, 2230
1310, 1882, 206
1935, 2325, 2428
570
630
879
1340
1630
1705
1734
1871, 2406
2009
2159
2338, 2529, 2605
2352
2475
